[1, 9, 0, 3, 4, 65, 1, 79, -80]
[1, 9, 0, 3, 4, 65, 1, 79, -80]
[1, 9, 0, 3, 4, 65, 1, 79, -80]
[1, 9, 0, 3, 4, 65, 1, 79, -80]
[1, 9, 0, 3, 4, 65, 1, 79, -80]
[1, 9, 0, 3, 4, 65, 1, 79, -80]
[1, 9, 0, 3, 4, 65, 1, 79, -80]
[1, 9, 0, 3, 4, 65, 1, 79, -80]
[1, 20, 0, 3, 4, 65, 0, 4, 0, 0, -102, 90, -55, 6, 0, 0, 7, -32, -65, 64]
[1, 20, 0, 3, 4, 65, 0, 4, 0, 0, -102, 90, -55, 6, 0, 0, 7, -32, -65, 64]
[1, 20, 0, 3, 4, 65, 0, 4, 0, 0, -102, 90, -55, 6, 0, 0, 7, -32, -65, 64]
[1, 20, 0, 3, 4, 65, 0, 4, 0, 0, -102, 90, -55, 6, 0, 0, 7, -32, -65, 64]
[1, 20, 0, 3, 4, 65, 0, 4, 0, 0, -102, 90, -55, 6, 0, 0, 7, -32, -65, 64]
[1, 9, 0, 3, 4, 65, 1, 79, -80]
[1, 9, 0, 3, 4, 65, 1, 79, -80]
[1, 9, 0, 3, 4, 65, 1, 79, -80]
[1, 9, 0, 3, 4, 65, 1, 79, -80]
[1, 9, 0, 3, 4, 65, 1, 79, -80]
[1, 20, 0, 3, 4, 65, 0, 4, 0, 0, -99, 90, -55, 6, 0, 0, 7, -32, -72, 71]
[1, 20, 0, 3, 4, 65, 0, 4, 0, 0, -99, 90, -55, 6, 0, 0, 7, -32, -72, 71]
[1, 20, 0, 3, 4, 65, 0, 4, 0, 0, -99, 90, -55, 6, 0, 0, 7, -32, -72, 71]
[1, 20, 0, 3, 4, 65, 0, 4, 0, 0, -99, 90, -55, 6, 0, 0, 7, -32, -72, 71]
[1, 20, 0, 3, 4, 65, 0, 4, 0, 0, -99, 90, -55, 6, 0, 0, 7, -32, -72, 71]
[1, 20, 0, 3, 4, 65, 0, 4, 0, 0, -99, 90, -55, 6, 0, 0, 7, -32, -72, 71]
[1, 20, 0, 3, 4, 65, 0, 4, 0, 0, -99, 90, -55, 6, 0, 0, 7, -32, -72, 71]
[1, 20, 0, 3, 4, 65, 0, 4, 0, 0, -99, 90, -55, 6, 0, 0, 7, -32, -72, 71]
[1, 20, 0, 3, 4, 65, 0, 4, 0, 0, -99, 90, -55, 6, 0, 0, 7, -32, -72, 71]
[1, 20, 0, 3, 4, 65, 0, 4, 0, 0, -99, 90, -55, 6, 0, 0, 7, -32, -72, 71]
[1, 9, 0, 3, 4, 65, 1, 79, -80]
[1, 20, 0, 3, 4, 65, 0, 4, 0, 0, -102, 90, -55, 6, 0, 0, 7, -32, -65, 64]
[1, 20, 0, 3, 4, 65, 0, 4, 0, 0, -102, 90, -55, 6, 0, 0, 7, -32, -65, 64]
[1, 20, 0, 3, 4, 65, 0, 4, 0, 0, -102, 90, -55, 6, 0, 0, 7, -32, -65, 64]
[1, 20, 0, 3, 4, 65, 0, 4, 0, 0, -102, 90, -55, 6, 0, 0, 7, -32, -65, 64]
[1, 9, 0, 3, 4, 65, 1, 79, -80]
[1, 9, 0, 3, 4, 65, 1, 79, -80]
[1, 20, 0, 3, 4, 65, 0, 4, 0, 0, -62, -71, -28, 29, 0, 0, 7, -32, 50, -51]
[1, 20, 0, 3, 4, 65, 0, 4, 0, 0, -62, -71, -28, 29, 0, 0, 7, -32, 50, -51]
[1, 20, 0, 3, 4, 65, 0, 4, 0, 0, -62, -71, -28, 29, 0, 0, 7, -32, 50, -51]
[1, 20, 0, 3, 4, 65, 0, 4, 0, 0, -62, -71, -28, 29, 0, 0, 7, -32, 50, -51]
[1, 20, 0, 3, 4, 65, 0, 4, 0, 0, -62, -71, -28, 29, 0, 0, 7, -32, 50, -51]
[1, 20, 0, 3, 4, 65, 0, 4, 0, 0, -62, -71, -28, 29, 0, 0, 7, -32, 50, -51]
[1, 20, 0, 3, 4, 65, 0, 4, 0, 0, -62, -71, -28, 29, 0, 0, 7, -32, 50, -51]
[1, 20, 0, 3, 4, 65, 0, 4, 0, 0, -62, -71, -28, 29, 0, 0, 7, -32, 50, -51]
[1, 20, 0, 3, 4, 65, 0, 4, 0, 0, -62, -71, -28, 29, 0, 0, 7, -32, 50, -51]
[1, 20, 0, 3, 4, 65, 0, 4, 0, 0, -62, -71, -28, 29, 0, 0, 7, -32, 50, -51]
[1, 20, 0, 3, 4, 65, 0, 4, 0, 0, -62, -71, -28, 29, 0, 0, 7, -32, 50, -51]
[1, 9, 0, 3, 4, 65, 1, 79, -80]
[1, 9, 0, 3, 4, 65, 1, 79, -80]
[1, 9, 0, 3, 4, 65, 1, 79, -80]
[1, 9, 0, 3, 4, 65, 1, 79, -80]
[1, 20, 0, 3, 4, 65, 0, 4, 0, 0, -56, -71, -28, 29, 0, 0, 7, -32, 56, -57]
[1, 20, 0, 3, 4, 65, 0, 4, 0, 0, -56, -71, -28, 29, 0, 0, 7, -32, 56, -57]
[1, 20, 0, 3, 4, 65, 0, 4, 0, 0, -56, -71, -28, 29, 0, 0, 7, -32, 56, -57]
[1, 9, 0, 3, 4, 65, 1, 79, -80]
[1, 9, 0, 3, 4, 65, 1, 79, -80]
[1, 20, 0, 3, 4, 65, 0, 4, 0, 0, -101, 90, -55, 6, 0, 0, 7, -32, -66, 65]
[1, 20, 0, 3, 4, 65, 0, 4, 0, 0, -101, 90, -55, 6, 0, 0, 7, -32, -66, 65]
[1, 20, 0, 3, 4, 65, 0, 4, 0, 0, -101, 90, -55, 6, 0, 0, 7, -32, -66, 65]
[1, 20, 0, 3, 4, 65, 0, 4, 0, 0, -101, 90, -55, 6, 0, 0, 7, -32, -66, 65]
[1, 20, 0, 3, 4, 65, 0, 4, 0, 0, -101, 90, -55, 6, 0, 0, 7, -32, -66, 65]
[1, 20, 0, 3, 4, 65, 0, 4, 0, 0, -101, 90, -55, 6, 0, 0, 7, -32, -66, 65]
[1, 20, 0, 3, 4, 65, 0, 4, 0, 0, -101, 90, -55, 6, 0, 0, 7, -32, -66, 65]
[1, 20, 0, 3, 4, 65, 0, 4, 0, 0, -101, 90, -55, 6, 0, 0, 7, -32, -66, 65]
[1, 9, 0, 3, 4, 65, 1, 79, -80] 		